 161 110 139 139 161 139 110 161 161 110 161 195 220 139 139 139 161
 208 139  69 110 139 110 139 161 161 110 139 139 179 139 161 139 110
 425 429 451 423 465 395 472 448 416 507 466 464 432 463 494 458 484
 289 248 220 161 161 110 179 139 139 110 110 161 161 139 161 139 179
 366 364 340 256 283 208 240 208 195 208 179 208 208 195 220 208 264
 271 300 347 300 304 294 337 294 277 309 300 326 314 309 322 277 283
 179  69 139 110 161 110 161 161 161 110 139 179 179 139 139 110 161
 240 179 139 161 179 139 195 208 195 139 161 179 195 161 179 179 179
 179 161 139 139 208 161 208 208 179 179 161 179 179 195 179 161 179
 337 326 322 330 397 326 376 358 322 333 314 333 343 337 353 314 337
 195 220 179 161 264 179 248 264 230 220 220 220 230 220 208 179 230
 294 289 264 230 264 248 283 283 264 256 240 256 277 240 264 248 256
 271 300 300 462 300 300 340 309 289 294 289 300 304 304 314 277 277
 264 110 110 139 208 161 179 179 161 161 208 220 230 179 161 139 195
 139  69  69  69   0   0  69  69  69   0  69   0  69  69   0  69   0
 264 248 264 230 264 230 271 264 240 208 230 240 240 195 208 179 220
 179 110 139 110 110  69 110 110  69  69  69 110 110 110  69  69 110
 277 264 277 264 283 248 300 277 283 248 271 289 294 256 277 248 248
 264 256 277 240 230 248 340 343 343 304 304 294 283 294 330 330 340
 304 333 369 347 340 322 353 330 314 318 330 347 347 326 340 304 294
 277 353 353 309 340 330 381 347 314 294 294 309 322 326 322 277 322
 161 161 161 378 179 179 220 179 195 179 161 179 208 179 179 161 161
 240 161 179 179 195 161 220 208 195 139 179 195 195 179 195 179 195
 161   0   0  69 110  69 110  69  69   0  69  69  69  69  69   0  69
 350 353 314 318 361 330 376 369 350 330 356 361 350 343 353 350 350
 358 300 294 289 322 283 347 314 309 347 326 333 322 326 350 322 309
 220 139 161 179 195 161 195 179 179 179 179 179 208 179 195 195 179
 271 283 300 283 289 256 314 304 283 240 248 271 271 264 294 248 289
 110 139 195 161 161 139 161 110  69 110 139 179 179 110 110  69  69
   0 110 110  69 110  69 110  69  69  69  69 110 110  69  69   0  69
 264 326 347 300 314 314 350 326 314 318 300 309 322 304 326 277 304
 337 333 366 161 333 304 347 330 314 314 289 314 322 322 322 289 314
 179 110 139 110 110  69 110  69  69   0 110 110 110  69  69  69  69
 448 397 441 420 463 385 444 429 399 507 456 453 417 441 467 441 461
 408 353 314 309 340 304 343 343 340 350 353 347 326 318 318 300 350
 385 374 333 340 389 343 403 397 389 433 389 374 358 366 383 374 358
 248 220 195 208 264 220 264 256 248 240 220 220 256 230 240 220 208
 350 333 350 326 353 300 340 358 333 353 318 340 343 314 333 326 340
 230 195 195 195 230 195 208 240 230 230 208 195 208 195 208 179 208
 353 337 343 309 294 294 340 333 340 385 364 383 350 374 404 350 414
 271 277 283 248 256 256 256 277 277 271 271 271 271 240 264 240 264
 304 304 294 256 283 289 300 300 283 300 277 289 283 264 277 264 283
 337 271 277 240 283 248 264 264 277 277 294 314 289 277 283 271 289
 220 161 161 161 179 161 161 195 195 139 161 161 179 139 179 161 139
 347 309 333 356 385 340 374 350 330 326 347 353 347 326 333 309 309
 256 139 161 161 139 139 139 139 139 161 139 161 161 139 110  69 161
 256 161 161 195 220 179 179 208 195 208 179 208 208 161 179 139 208
 110 110 110 110 110 110 161 161 161 110 139 139 179 110 110  69 139
 294 369 383 330 350 340 376 358 333 326 304 318 314 314 343 309 330
 304 179 195 208 208 220 256 240 256 264 256 264 289 240 264 264 271
 240 230 208 161 161 139 110 110 110  69  69  69 110 110   0  69   0
 195 139 139 110 139 139 161 110 139   0 110 139 161 110 110 139 110
 161  69  69  69  69  69  69  69  69  69   0  69  69  69  69   0   0
   0   0   0   0   0   0   0   0   0   0   0   0   0   0   0   0   0
  69   0   0 139 179 139  69   0   0   0   0   0   0   0   0   0   0
 283 277 294 294 304 256 271 289 277 300 277 283 277 271 289 248 264
 179 208 240 208 161 195 195 179 195 110 195 208 230 139 179 161 139
 208 256 350 283 220 208 208 179 220 264 304 304 300 264 220 179 208
 179 264 333 283 230 208 208 179 220 220 277 271 304 230 208 139 179
 409 381 417 385 447 374 430 401 374 450 423 409 381 404 443 404 475
 395 343 356 358 374 322 371 366 340 314 371 356 361 385 389 347 430
 240 208 240 230 256 208 240 230 230 195 208 230 248 195 208 161 195
 300 283 322 330 340 300 318 309 283 264 264 283 294 277 289 271 289
 220 179 161 195 195 195 289 347 343 230 248 230 220 161 220 240 277
 179 110 110 139 139  69 110 161 139 110 139 139 139  69 110  69 110
 240 208 248 240 248 208 248 240 220 304 256 264 248 240 256 208 240
 220 195 195 195 179 179 220 195 195 139 161 161 195 179 195 139 139
 179 139 139 110 161 110 139 110 110  69 110 110 139  69  69  69  69
  69   0 110 110 161 110 139 110 110 110  69 110  69  69  69  69   0
 195 139 139 139 139 110 195 179 179 110 161 161 195 139 161 110 139
  69  69 110  69 139 139 110 139 110  69  69 110  69   0   0   0  69
 240 220 230 195 195 195 220 161 195 161 161 179 195 179 195 139 139
 110   0  69   0  69  69 110   0 110  69 110 139  69  69  69   0  69
 110   0  69   0  69  69 110 110 110   0  69  69 110  69  69  69  69
 179 110 179 139 179 161 195 179 161 161 208 220 208 179 161 110 161
 139  69 139 139 110  69 139 110 110  69 161 139 179 110 110  69  69
 139 110 110 110 110  69 110 110 110  69 110  69 110  69 110   0  69
 139 139  69 110  69  69 110 110  69   0   0  69  69   0  69   0  69
 264 371 378 347 340 300 389 419 409 474 437 425 403 414 450 428 454
 139 161 208 161 161 161 208 179 179 161 139 179 179 110 195 110 179
 208 230 283 240 208 230 264 230 230 271 230 240 248 240 256 220 256
 391 389 411 366 369 353 389 369 358 385 358 361 353 366 378 347 383
 248 294 399 438 451 364 366 358 322 314 403 447 436 426 411 399 353
 343 314 409 426 455 366 401 376 347 350 403 430 409 413 443 397 369
 289 343 326 294 350 326 347 347 333 277 289 289 326 304 304 283 300
 326 340 314 289 289 264 277 283 283 240 248 256 277 264 277 277 277
 304 309 289 289 330 283 309 326 309 289 304 318 314 318 322 300 326
 139 139 161 110 139 139 110 161 139  69 110 110 139  69 110  69  69
 110 139 208 208 195 220 230 195 195 110 139 161 220 139 161 139 110
 110 139 195 139 110 139 110 139 139 110 139 161 161 110  69 110  69
 294 304 264 271 309 283 304 294 289 240 264 271 289 277 277 271 256
 304 240 256 283 309 277 256 271 283 264 283 289 294 264 256 248 271
 283 240 248 256 277 248 264 277 264 230 248 256 264 240 240 220 256
 322 326 347 330 337 300 333 326 309 277 277 294 314 289 314 264 283
 110 179 195 139 110 139 179 230 240 161 179 161 161 110 139 161 179
 314 364 383 330 347 343 378 353 343 340 326 326 337 356 333 322 333
 220 139 161 161 195 179 195 208 195 110 161 195 208 179 161 161 161
 381 337 333 343 389 353 374 366 347 326 330 347 350 337 364 333 340
 441 403 453 411 476 393 441 428 401 535 461 467 403 447 465 406 469
 314 318 333 314 350 309 347 340 322 330 304 337 322 333 353 309 350
 350 318 343 337 361 337 366 361 356 404 369 369 364 347 391 356 383
   0   0 110 139 110 110  69  69  69   0  69 110 161  69   0   0   0
 230 248 230 256 322 300 322 304 277 220 230 264 289 283 294 271 256
 195 220 264 230 240 264 230 230 208 161 208 208 240 179 179 179 161
 179 256 309 220 195 195 179 139 161 220 264 240 220 195 161 139 139
 289 326 340 289 300 314 356 330 326 318 309 314 314 326 330 304 330
 139   0  69 110 195 179 179 161 179   0 139 161 179 139 139 110 139
 364 304 309 309 381 337 356 340 340 364 378 385 356 364 356 340 376
 378 366 397 378 411 366 406 393 374 364 366 371 371 371 387 358 364
 350 289 330 340 326 304 350 318 326 304 326 330 347 318 353 289 304
 381 337 340 322 371 340 369 361 358 371 364 369 353 337 364 343 369
 358 326 294 314 343 314 353 353 353 314 309 322 353 322 343 322 330
 230 161 110 161 208 195 220 240 240 220 240 248 283 264 294 300 294
 220 240 289 248 248 248 240 230 230 195 240 230 248 220 208 208 179
 264 240 179 110  69 139 161 110 139  69 110  69 110 110 110  69  69
 240 208 161  69  69 110 139 110 110   0  69  69 110 110 110 110  69
 343 256 289 277 333 294 322 326 322 318 333 343 318 304 304 300 340
 179 139 139 195 240 230 248 240 220 139 161 208 240 208 220 195 195
 240 195 195 248 264 256 294 248 248 195 208 230 271 256 289 240 195
 361 389 381 369 395 366 393 374 353 314 322 337 337 318 340 304 322
 283 271 277 289 309 289 330 318 309 283 283 300 326 283 309 271 294
 330 326 330 314 326 294 330 337 318 294 294 304 314 289 309 294 304
 220 264 300 240 240 283 289 271 277 277 283 283 283 289 256 240 289
 314 271 318 309 309 289 333 294 314 304 326 326 322 309 330 300 294
 110  69 161 208 248 220 195 139 161   0 139 195 220 179 161 139 139
 374 309 283 240 256 230 230 240 256 230 271 277 271 240 230 220 264
 139  69  69  69  69   0   0   0   0   0   0   0   0   0   0   0   0
  69   0   0   0  69  69  69  69  69   0   0   0   0   0   0   0   0
 289 289 309 289 289 277 304 300 289 300 277 289 289 271 283 220 289
 139  69   0  69 139 139 139 139  69   0   0  69 110   0  69   0   0
 333 353 333 294 314 309 343 318 314 300 283 277 294 304 337 309 264
 465 484 520 473 512 458 506 480 453 563 525 507 467 514 527 514 523
 139  69 110  69 110  69 110  69 110   0 110  69 110  69  69  69  69
 326 330 337 347 404 358 383 383 364 356 374 376 361 361 371 356 383
 326 289 326 330 374 314 369 343 340 371 358 364 340 364 393 343 366
 289 110  69 161 161 161 195 195 220 220 240 256 256 230 248 179 248
 208 195 195 208 271 256 256 271 248 195 208 230 248 195 195 139 195
 161  69  69 110 139 139 139 161 139  69 110 161 179 110 110  69 161
 309 347 333 326 350 330 333 337 318 318 309 314 322 304 322 314 294
 353 369 364 356 358 350 364 381 364 300 333 337 369 350 371 358 364
 161 179 161 179 161 179 179 195 195 139 161 139 179 139 161 161 139
 264 309 340 300 283 264 333 289 264 389 337 309 256 294 337 283 318
 195 195 139 139 195 161 161 161 161 139 139 161 161 139 139 110 139
 179  69 139 110 139 139 161 139 179  69 161 161 179 161 161 139 139
 326 264 264 248 283 283 304 300 309 304 318 333 309 300 322 271 333
 471 465 478 452 498 423 485 458 434 548 496 488 444 492 515 489 502
 369 391 369 347 376 347 369 374 353 333 343 350 350 343 343 326 364
 139  69  69 110 161 161 161 161 161 110 139 161 161 110 139  69 161
 161 161 139 161 179 161 195 179 161 110 139 139 195 161 161 139 139
   0  69  69  69 110 110 110 110  69   0  69  69 110 110  69   0  69
 264 161 161 179 195 195 195 208 208 230 220 208 208 179 179 139 208
 381 322 333 340 353 309 358 333 330 264 340 322 340 347 326 309 350
 139 110  69 139 139 110 139 139 161   0 139 139 195 139 139 110  69
 179 264 179 230 195 220 248 195 179  69 110 110 179 179 161 139  69
 208 248 264 220 208 220 240 240 240 208 256 240 248 230 220 208 230
 309 220 326 277 326 264 304 294 300 337 340 353 314 294 289 230 337
 347 289 358 330 337 294 322 326 330 358 356 353 343 326 333 300 343
 264 139 161 179 195 161 161 161 179 161 195 195 195 110 139 110 161
 240 208 220 230 230 220 220 220 220 179 179 195 230 179 195 139 208
 240 161 110 161 161 179 195 179 208 179 208 220 230 179 208 161 195
 300 277 271 283 271 264 309 277 277 240 248 256 271 240 289 248 256
 277 230 195 256 277 248 294 300 271 230 230 240 248 220 256 248 277
 161 139  69  69  69  69  69  69  69   0  69  69 110   0   0   0   0
 374 406 444 411 429 401 436 406 385 460 441 436 403 436 466 442 441
 448 462 503 487 503 447 493 454 426 471 492 489 465 519 537 524 474
 347 356 395 371 395 366 411 366 369 395 376 374 383 378 401 364 366
 395 340 358 364 381 337 374 361 343 318 378 364 369 389 387 356 430
  69 139  69  69  69 110  69 110  69  69   0   0  69  69  69  69   0
 195 139 161 139 195 208 230 195 220 110 179 179 208 179 195 179 179
 277 161 240 208 240 208 256 220 230 208 248 256 220 230 240 179 264
 230 179 277 264 283 264 294 256 248 240 271 289 271 220 240 179 240
 322 248 220 230 248 230 240 256 256 230 248 256 264 220 240 195 248
 417 374 408 399 409 364 399 381 381 395 399 399 393 383 408 369 408
 277 208 179 179 179 179 161 195 208 195 220 240 248 179 179 161 195
 110 110 110 139 110 139 139 139 139 110 110 139 195 139 139 110 110
 300 314 283 294 300 283 340 314 326 289 300 289 333 300 322 318 289
 419 443 469 442 462 425 473 439 425 506 475 461 441 469 501 488 462
  69 179 161 110 110 110 110 110 110  69  69  69  69  69  69  69  69
 361 371 369 356 404 371 404 378 371 369 374 374 366 383 389 374 385
 343 277 330 318 364 326 366 343 340 347 364 378 350 358 361 356 381
