 161 110 139 139 161 139 110 161 161 110 161 195 220 139 139 139 161
 208 139  69 110 139 110 139 161 161 110 139 139 179 139 161 139 110
 425 429 451 423 465 395 472 448 416 507 466 464 432 463 494 458 484
 289 248 220 161 161 110 179 139 139 110 110 161 161 139 161 139 179
 366 364 340 256 283 208 240 208 195 208 179 208 208 195 220 208 264
 271 300 347 300 304 294 337 294 277 309 300 326 314 309 322 277 283
 179  69 139 110 161 110 161 161 161 110 139 179 179 139 139 110 161
 240 179 139 161 179 139 195 208 195 139 161 179 195 161 179 179 179
 179 161 139 139 208 161 208 208 179 179 161 179 179 195 179 161 179
 337 326 322 330 397 326 376 358 322 333 314 333 343 337 353 314 337
 195 220 179 161 264 179 248 264 230 220 220 220 230 220 208 179 230
 294 289 264 230 264 248 283 283 264 256 240 256 277 240 264 248 256
 271 300 300 462 300 300 340 309 289 294 289 300 304 304 314 277 277
 264 110 110 139 208 161 179 179 161 161 208 220 230 179 161 139 195
 139  69  69  69   0   0  69  69  69   0  69   0  69  69   0  69   0
 264 248 264 230 264 230 271 264 240 208 230 240 240 195 208 179 220
 179 110 139 110 110  69 110 110  69  69  69 110 110 110  69  69 110
 277 264 277 264 283 248 300 277 283 248 271 289 294 256 277 248 248
 264 256 277 240 230 248 340 343 343 304 304 294 283 294 330 330 340
 304 333 369 347 340 322 353 330 314 318 330 347 347 326 340 304 294
 277 353 353 309 340 330 381 347 314 294 294 309 322 326 322 277 322
 161 161 161 378 179 179 220 179 195 179 161 179 208 179 179 161 161
 240 161 179 179 195 161 220 208 195 139 179 195 195 179 195 179 195
 161   0   0  69 110  69 110  69  69   0  69  69  69  69  69   0  69
 350 353 314 318 361 330 376 369 350 330 356 361 350 343 353 350 350
 358 300 294 289 322 283 347 314 309 347 326 333 322 326 350 322 309
 220 139 161 179 195 161 195 179 179 179 179 179 208 179 195 195 179
 271 283 300 283 289 256 314 304 283 240 248 271 271 264 294 248 289
 110 139 195 161 161 139 161 110  69 110 139 179 179 110 110  69  69
   0 110 110  69 110  69 110  69  69  69  69 110 110  69  69   0  69
 264 326 347 300 314 314 350 326 314 318 300 309 322 304 326 277 304
 337 333 366 161 333 304 347 330 314 314 289 314 322 322 322 289 314
 179 110 139 110 110  69 110  69  69   0 110 110 110  69  69  69  69
 448 397 441 420 463 385 444 429 399 507 456 453 417 441 467 441 461
 408 353 314 309 340 304 343 343 340 350 353 347 326 318 318 300 350
 385 374 333 340 389 343 403 397 389 433 389 374 358 366 383 374 358
 248 220 195 208 264 220 264 256 248 240 220 220 256 230 240 220 208
 350 333 350 326 353 300 340 358 333 353 318 340 343 314 333 326 340
 230 195 195 195 230 195 208 240 230 230 208 195 208 195 208 179 208
 353 337 343 309 294 294 340 333 340 385 364 383 350 374 404 350 414
 271 277 283 248 256 256 256 277 277 271 271 271 271 240 264 240 264
 304 304 294 256 283 289 300 300 283 300 277 289 283 264 277 264 283
 337 271 277 240 283 248 264 264 277 277 294 314 289 277 283 271 289
 220 161 161 161 179 161 161 195 195 139 161 161 179 139 179 161 139
 347 309 333 356 385 340 374 350 330 326 347 353 347 326 333 309 309
 256 139 161 161 139 139 139 139 139 161 139 161 161 139 110  69 161
 256 161 161 195 220 179 179 208 195 208 179 208 208 161 179 139 208
 110 110 110 110 110 110 161 161 161 110 139 139 179 110 110  69 139
 294 369 383 330 350 340 376 358 333 326 304 318 314 314 343 309 330
 304 179 195 208 208 220 256 240 256 264 256 264 289 240 264 264 271
 240 230 208 161 161 139 110 110 110  69  69  69 110 110   0  69   0
 195 139 139 110 139 139 161 110 139   0 110 139 161 110 110 139 110
 161  69  69  69  69  69  69  69  69  69   0  69  69  69  69   0   0
   0   0   0   0   0   0   0   0   0   0   0   0   0   0   0   0   0
  69   0   0 139 179 139  69   0   0   0   0   0   0   0   0   0   0
 283 277 294 294 304 256 271 289 277 300 277 283 277 271 289 248 264
 179 208 240 208 161 195 195 179 195 110 195 208 230 139 179 161 139
 208 256 350 283 220 208 208 179 220 264 304 304 300 264 220 179 208
 179 264 333 283 230 208 208 179 220 220 277 271 304 230 208 139 179
 409 381 417 385 447 374 430 401 374 450 423 409 381 404 443 404 475
 395 343 356 358 374 322 371 366 340 314 371 356 361 385 389 347 430
 240 208 240 230 256 208 240 230 230 195 208 230 248 195 208 161 195
 300 283 322 330 340 300 318 309 283 264 264 283 294 277 289 271 289
 220 179 161 195 195 195 289 347 343 230 248 230 220 161 220 240 277
 179 110 110 139 139  69 110 161 139 110 139 139 139  69 110  69 110
 240 208 248 240 248 208 248 240 220 304 256 264 248 240 256 208 240
 220 195 195 195 179 179 220 195 195 139 161 161 195 179 195 139 139
 179 139 139 110 161 110 139 110 110  69 110 110 139  69  69  69  69
  69   0 110 110 161 110 139 110 110 110  69 110  69  69  69  69   0
 195 139 139 139 139 110 195 179 179 110 161 161 195 139 161 110 139
  69  69 110  69 139 139 110 139 110  69  69 110  69   0   0   0  69
 240 220 230 195 195 195 220 161 195 161 161 179 195 179 195 139 139
 110   0  69   0  69  69 110   0 110  69 110 139  69  69  69   0  69
 110   0  69   0  69  69 110 110 110   0  69  69 110  69  69  69  69
 179 110 179 139 179 161 195 179 161 161 208 220 208 179 161 110 161
 139  69 139 139 110  69 139 110 110  69 161 139 179 110 110  69  69
 139 110 110 110 110  69 110 110 110  69 110  69 110  69 110   0  69
 139 139  69 110  69  69 110 110  69   0   0  69  69   0  69   0  69
 264 371 378 347 340 300 389 419 409 474 437 425 403 414 450 428 454
 139 161 208 161 161 161 208 179 179 161 139 179 179 110 195 110 179
 208 230 283 240 208 230 264 230 230 271 230 240 248 240 256 220 256
 391 389 411 366 369 353 389 369 358 385 358 361 353 366 378 347 383
 248 294 399 438 451 364 366 358 322 314 403 447 436 426 411 399 353
 343 314 409 426 455 366 401 376 347 350 403 430 409 413 443 397 369
 289 343 326 294 350 326 347 347 333 277 289 289 326 304 304 283 300
 326 340 314 289 289 264 277 283 283 240 248 256 277 264 277 277 277
 304 309 289 289 330 283 309 326 309 289 304 318 314 318 322 300 326
 139 139 161 110 139 139 110 161 139  69 110 110 139  69 110  69  69
 110 139 208 208 195 220 230 195 195 110 139 161 220 139 161 139 110
 110 139 195 139 110 139 110 139 139 110 139 161 161 110  69 110  69
 294 304 264 271 309 283 304 294 289 240 264 271 289 277 277 271 256
 304 240 256 283 309 277 256 271 283 264 283 289 294 264 256 248 271
 283 240 248 256 277 248 264 277 264 230 248 256 264 240 240 220 256
 322 326 347 330 337 300 333 326 309 277 277 294 314 289 314 264 283
 110 179 195 139 110 139 179 230 240 161 179 161 161 110 139 161 179
 314 364 383 330 347 343 378 353 343 340 326 326 337 356 333 322 333
 220 139 161 161 195 179 195 208 195 110 161 195 208 179 161 161 161
 381 337 333 343 389 353 374 366 347 326 330 347 350 337 364 333 340
 441 403 453 411 476 393 441 428 401 535 461 467 403 447 465 406 469
 314 318 333 314 350 309 347 340 322 330 304 337 322 333 353 309 350
 350 318 343 337 361 337 366 361 356 404 369 369 364 347 391 356 383
   0   0 110 139 110 110  69  69  69   0  69 110 161  69   0   0   0
 230 248 230 256 322 300 322 304 277 220 230 264 289 283 294 271 256
 195 220 264 230 240 264 230 230 208 161 208 208 240 179 179 179 161
 179 256 309 220 195 195 179 139 161 220 264 240 220 195 161 139 139
 289 326 340 289 300 314 356 330 326 318 309 314 314 326 330 304 330
 139   0  69 110 195 179 179 161 179   0 139 161 179 139 139 110 139
 364 304 309 309 381 337 356 340 340 364 378 385 356 364 356 340 376
 378 366 397 378 411 366 406 393 374 364 366 371 371 371 387 358 364
 350 289 330 340 326 304 350 318 326 304 326 330 347 318 353 289 304
 381 337 340 322 371 340 369 361 358 371 364 369 353 337 364 343 369
 358 326 294 314 343 314 353 353 353 314 309 322 353 322 343 322 330
 230 161 110 161 208 195 220 240 240 220 240 248 283 264 294 300 294
 220 240 289 248 248 248 240 230 230 195 240 230 248 220 208 208 179
 264 240 179 110  69 139 161 110 139  69 110  69 110 110 110  69  69
 240 208 161  69  69 110 139 110 110   0  69  69 110 110 110 110  69
 343 256 289 277 333 294 322 326 322 318 333 343 318 304 304 300 340
 179 139 139 195 240 230 248 240 220 139 161 208 240 208 220 195 195
 240 195 195 248 264 256 294 248 248 195 208 230 271 256 289 240 195
 361 389 381 369 395 366 393 374 353 314 322 337 337 318 340 304 322
 283 271 277 289 309 289 330 318 309 283 283 300 326 283 309 271 294
 330 326 330 314 326 294 330 337 318 294 294 304 314 289 309 294 304
 220 264 300 240 240 283 289 271 277 277 283 283 283 289 256 240 289
 314 271 318 309 309 289 333 294 314 304 326 326 322 309 330 300 294
 110  69 161 208 248 220 195 139 161   0 139 195 220 179 161 139 139
 374 309 283 240 256 230 230 240 256 230 271 277 271 240 230 220 264
 139  69  69  69  69   0   0   0   0   0   0   0   0   0   0   0   0
  69   0   0   0  69  69  69  69  69   0   0   0   0   0   0   0   0
 289 289 309 289 289 277 304 300 289 300 277 289 289 271 283 220 289
 139  69   0  69 139 139 139 139  69   0   0  69 110   0  69   0   0
 333 353 333 294 314 309 343 318 314 300 283 277 294 304 337 309 264
 465 484 520 473 512 458 506 480 453 563 525 507 467 514 527 514 523
 139  69 110  69 110  69 110  69 110   0 110  69 110  69  69  69  69
 326 330 337 347 404 358 383 383 364 356 374 376 361 361 371 356 383
 326 289 326 330 374 314 369 343 340 371 358 364 340 364 393 343 366
 289 110  69 161 161 161 195 195 220 220 240 256 256 230 248 179 248
 208 195 195 208 271 256 256 271 248 195 208 230 248 195 195 139 195
 161  69  69 110 139 139 139 161 139  69 110 161 179 110 110  69 161
 309 347 333 326 350 330 333 337 318 318 309 314 322 304 322 314 294
 353 369 364 356 358 350 364 381 364 300 333 337 369 350 371 358 364
 161 179 161 179 161 179 179 195 195 139 161 139 179 139 161 161 139
 264 309 340 300 283 264 333 289 264 389 337 309 256 294 337 283 318
 195 195 139 139 195 161 161 161 161 139 139 161 161 139 139 110 139
 179  69 139 110 139 139 161 139 179  69 161 161 179 161 161 139 139
 326 264 264 248 283 283 304 300 309 304 318 333 309 300 322 271 333
 471 465 478 452 498 423 485 458 434 548 496 488 444 492 515 489 502
 369 391 369 347 376 347 369 374 353 333 343 350 350 343 343 326 364
 139  69  69 110 161 161 161 161 161 110 139 161 161 110 139  69 161
 161 161 139 161 179 161 195 179 161 110 139 139 195 161 161 139 139
   0  69  69  69 110 110 110 110  69   0  69  69 110 110  69   0  69
 264 161 161 179 195 195 195 208 208 230 220 208 208 179 179 139 208
 381 322 333 340 353 309 358 333 330 264 340 322 340 347 326 309 350
 139 110  69 139 139 110 139 139 161   0 139 139 195 139 139 110  69
 179 264 179 230 195 220 248 195 179  69 110 110 179 179 161 139  69
 208 248 264 220 208 220 240 240 240 208 256 240 248 230 220 208 230
 309 220 326 277 326 264 304 294 300 337 340 353 314 294 289 230 337
 347 289 358 330 337 294 322 326 330 358 356 353 343 326 333 300 343
 264 139 161 179 195 161 161 161 179 161 195 195 195 110 139 110 161
 240 208 220 230 230 220 220 220 220 179 179 195 230 179 195 139 208
 240 161 110 161 161 179 195 179 208 179 208 220 230 179 208 161 195
 300 277 271 283 271 264 309 277 277 240 248 256 271 240 289 248 256
 277 230 195 256 277 248 294 300 271 230 230 240 248 220 256 248 277
 161 139  69  69  69  69  69  69  69   0  69  69 110   0   0   0   0
 374 406 444 411 429 401 436 406 385 460 441 436 403 436 466 442 441
 448 462 503 487 503 447 493 454 426 471 492 489 465 519 537 524 474
 347 356 395 371 395 366 411 366 369 395 376 374 383 378 401 364 366
 395 340 358 364 381 337 374 361 343 318 378 364 369 389 387 356 430
  69 139  69  69  69 110  69 110  69  69   0   0  69  69  69  69   0
 195 139 161 139 195 208 230 195 220 110 179 179 208 179 195 179 179
 277 161 240 208 240 208 256 220 230 208 248 256 220 230 240 179 264
 230 179 277 264 283 264 294 256 248 240 271 289 271 220 240 179 240
 322 248 220 230 248 230 240 256 256 230 248 256 264 220 240 195 248
 417 374 408 399 409 364 399 381 381 395 399 399 393 383 408 369 408
 277 208 179 179 179 179 161 195 208 195 220 240 248 179 179 161 195
 110 110 110 139 110 139 139 139 139 110 110 139 195 139 139 110 110
 300 314 283 294 300 283 340 314 326 289 300 289 333 300 322 318 289
 419 443 469 442 462 425 473 439 425 506 475 461 441 469 501 488 462
  69 179 161 110 110 110 110 110 110  69  69  69  69  69  69  69  69
 361 371 369 356 404 371 404 378 371 369 374 374 366 383 389 374 385
 343 277 330 318 364 326 366 343 340 347 364 378 350 358 361 356 381
 326 248 300 318 337 318 343 337 326 248 314 326 337 283 304 271 309
 195 110  69 110 139 161 139 161 179 139 161 179 195 139 161 110 161
 139 110 139 161 161 220 283 289 294 179 195 161 208 179 240 230 208
 248 220 139 110 110 139 139 139 161 139 139 161 179 179 179 179 139
 271 208 256 208 179 161 161 161 161 110 161 179 220 208 208 195 208
 425 409 426 419 456 383 438 419 393 474 438 430 403 434 453 428 432
 264 220 220 240 256 220 179 208 208 161 179 179 179 161 161 161 161
  69   0   0  69  69   0   0   0   0   0   0   0   0   0   0   0   0
 356 277 220 240 248 240 240 271 300 318 318 326 314 289 300 277 350
 322 264 161 139 161 161 179 230 256 248 277 277 271 220 240 208 271
 350 309 248 179 139 110 195 314 340 343 330 289 264 195 230 264 314
 208 264 240 220 230 240 256 264 248 220 208 220 240 179 240 195 208
 179 110  69  69  69 110 139 139 139 139 161 179 208 110 161 110 161
 195  69 179 179 208 195 195 208 208 139 161 195 208 161 179 139 179
 264 277 256 264 277 248 283 271 271 220 230 248 264 248 256 248 230
 240 195 161 179 195 195 230 220 220 161 161 179 208 139 179 139 139
 139 110   0  69  69 110 139 139 139   0  69  69 139  69  69   0   0
 139 110   0  69 110 110 110 139 110   0  69 110 139  69  69   0  69
 294 283 256 289 318 283 314 318 314 289 277 271 271 240 289 256 277
 428 419 378 353 304 289 277 304 318 277 277 256 248 230 264 271 333
 230 289 358 309 230 230 179 161 208 230 248 271 248 195 195 161 179
 330 385 411 326 330 326 289 248 304 383 406 371 337 318 300 294 333
 283 220 195 110  69  69   0   0  69   0  69  69  69  69   0  69  69
 361 369 423 383 404 358 366 343 343 353 395 403 371 343 337 318 326
 289 256 240 240 277 256 271 289 277 230 240 256 264 220 248 220 256
 240 195 179 195 220 195 208 195 179 161 139 161 161 161 179 161 139
 322 343 361 366 385 353 387 383 358 326 371 369 378 369 399 361 366
 322 378 356 356 404 364 391 397 369 387 374 369 364 366 378 343 369
 179 195 161 195 208 220 208 220 220 161 195 195 230 179 179 208 161
 441 462 466 436 451 429 456 437 419 443 443 430 430 436 464 463 444
 220 220 230 240 248 264 240 240 289 347 343 300 289 283 283 314 340
 428 413 447 428 463 399 445 428 409 500 453 453 422 444 466 436 454
 294 289 314 309 337 300 326 314 309 256 283 294 314 289 300 264 264
 256 179 179 240 264 230 220 220 208 161 161 195 195 161 161 139 161
 289 289 343 333 322 304 322 318 314 271 309 322 318 271 283 264 264
 330 366 430 408 371 333 309 289 289 374 414 413 383 340 337 283 318
 230 283 358 337 289 256 230 220 220 294 343 347 322 264 256 179 230
   0   0   0   0   0   0   0   0   0   0   0   0   0   0   0   0   0
 347 385 369 283 271 333 417 416 391 417 374 330 304 350 411 425 403
 333 426 461 426 399 369 426 425 420 478 449 428 422 441 483 474 460
 248 208 208 230 271 240 264 294 271 256 240 240 240 240 240 208 230
 347 289 277 300 304 289 340 314 322 294 318 330 330 300 337 289 309
 248 220 220 208 161 161 179 179 208 139 139 161 195 139 161 110 139
 220 208 208 195 179 195 139 195 208 161 179 195 195 110 161 139 179
 300 289 248 277 271 264 283 300 283 240 264 264 264 240 294 264 277
  69 110  69  69  69 110 161 161 139  69 110  69 139  69 110  69 110
 220 208 195 195 179 179 139 139 139  69  69  69 110  69 110 161  69
 383 413 449 417 420 401 444 409 397 448 428 414 408 445 467 451 425
 220 139 195 179 195 161 179 179 195 139 179 179 195 161 161 139 161
 208 110 110 139 161 139 161 161 161 110 139 161 179 139 110  69 139
 406 376 387 391 411 371 403 395 383 408 397 403 385 374 406 374 391
 248 179 208 240 195 208 220 230 240 179 208 230 256 195 220 195 208
 389 358 358 353 358 343 374 374 364 391 383 385 361 358 391 353 416
 230 240 248 264 314 289 264 294 264 230 256 277 283 248 240 220 240
  69  69 110 110 110 110 110 110 110 110 110 139 139 110 139  69 110
 208 179 110  69 110 110 110 161 161   0  69  69 110   0  69   0  69
 161 110   0   0   0   0   0   0  69   0   0   0   0   0  69   0   0
 425 455 479 436 475 429 469 444 416 534 477 454 425 470 504 497 483
 304 195 220 230 283 256 271 256 277 283 304 322 294 289 289 240 309
 391 376 391 393 428 374 409 393 383 393 391 397 383 378 395 374 383
 330 277 264 277 309 289 314 304 318 314 318 330 318 304 330 264 340
 208 139 161 208 256 240 240 248 230 208 195 220 240 208 220 179 208
   0   0   0  69   0   0  69  69  69   0   0  69  69   0  69   0   0
 314 208 179 220 240 230 220 240 264 230 277 277 283 220 240 230 256
 333 356 343 340 374 326 366 381 358 383 364 366 350 347 378 350 371
 208 110 161 195 248 248 256 248 248 139 208 220 256 220 230 195 208
 318 264 256 240 230 230 248 248 256 240 230 248 264 220 271 208 248
 161 139 110 139 161 220 256 283 277 161 161 161 208 195 230 240 230
 179  69  69  69  69 161 195 208 208 161 179 179 208 139 179 195 195
 220 248 240 208 179 240 256 220 248 248 240 208 230 179 220 208 208
 294 333 347 304 300 314 340 326 326 309 294 294 314 318 333 318 289
 403 385 419 409 436 387 434 413 401 413 414 419 404 419 429 397 420
 208 139 179 208 208 179 195 195 195 195 230 264 271 240 256 240 264
 139  69  69 110 110 110 139 139 139  69 110 110 161 110 139 110 179
 110   0  69  69 139 139 139 110 110   0  69 110 139 139 110 110 139
 256 161 220 220 256 230 264 248 248 208 220 248 230 220 230 179 264
 391 371 387 387 409 364 404 393 387 385 383 391 381 376 411 371 399
 264 264 220 240 277 248 240 256 248 208 208 220 230 195 220 195 220
 161 161 179 208 230 220 195 195 161 139 139 179 208 161 161 110 110
 208 195 139 139 110 139  69 179 240 208 220 179 195  69 110 139 195
 294 326 256 271 309 337 340 322 343 387 404 374 347 330 330 322 364
 304 340 369 333 314 333 353 326 314 304 337 326 322 300 309 309 277
  69 110 179 161 110 161 161 110 110 110 161 161 179 139 139 110  69
 330 347 417 416 449 395 432 406 393 425 432 444 417 432 426 403 409
 445 439 449 444 474 414 461 442 434 473 454 464 433 445 480 450 463
 322 294 309 304 304 294 322 322 309 304 309 314 300 283 314 277 309
 110  69  69  69   0  69  69  69  69  69   0  69 110   0  69  69   0
 271 195 139 110 110 139 110 110 110 110 110 110 139 139 139 139 139
 333 300 330 333 343 314 330 322 326 309 330 340 333 300 318 283 300
 326 300 283 294 333 304 326 318 309 283 271 294 309 289 304 294 304
 408 378 358 369 397 361 389 391 381 381 383 383 376 371 371 374 389
 110   0   0  69   0  69  69 110 110   0  69  69 110  69  69   0  69
 179 161 161 161   0 139 139 161 179 110 139 161 179 110 139 139 139
  69   0   0  69  69   0  69   0  69   0   0   0  69  69  69   0   0
 454 411 461 436 492 406 455 438 413 535 475 472 425 457 484 441 492
 208 110  69 161 179 139 161 161 139  69 110 139 161 110 110  69 110
 256  69  69 139 139 139  69 139 195 161 220 220 240 208 220 220 248
 179 110  69 139 139 110  69  69  69   0   0  69 110   0   0   0   0
 337 361 409 393 391 376 406 374 361 358 366 374 378 369 391 376 374
 304 314 304 289 304 283 314 304 300 271 304 300 304 294 304 304 300
 371 399 426 385 411 369 414 401 374 509 438 423 376 430 454 420 453
   0  69   0  69   0   0   0  69  69   0  69  69  69   0  69   0   0
 374 409 429 395 437 378 439 399 378 500 441 428 389 426 473 456 403
 248 195 230 208 220 195 220 220 220 195 208 230 220 161 195 139 208
 401 383 385 389 411 371 425 403 393 409 417 416 401 406 436 409 411
 195 161 139 161 179 195 139 195 195 139 139 161 208 161 161 139 161
 208 220 195 208 256 230 230 240 230 208 208 230 230 220 220 208 208
 240 248 195 179 179 208 240 283 277 220 240 220 220 161 208 208 240
 256 208 179 195 161 161 195 195 220 139 195 179 208 139 195 179 195
 161 240 195 161 139 179 248 300 304 264 256 208 208 179 240 277 264
 248 300 309 283 220 277 304 277 283 230 283 277 304 283 300 300 264
 393 414 429 408 404 381 416 385 385 401 416 401 401 437 447 441 404
 283 220 179 161 208 230 230 264 289 277 304 314 300 283 264 264 300
 343 322 322 337 322 318 343 337 337 283 304 318 333 304 330 294 314
 179 195 161 179 208 161 110 161 139 179 179 161 179 161 161 161 161
 248 161 110 161 139 139 110 139 179 161 179 179 179 139 161 161 139
 179 179 161 179 139 195 195 195 208 110 161 161 208 161 195 179 139
 304 358 337 318 333 356 376 369 364 378 369 356 358 369 385 409 378
 230 208 195 230 208 179 220 220 220 179 179 208 240 179 220 195 195
 110  69   0   0  69  69   0  69  69  69   0  69  69  69   0  69   0
 110 161 110 110  69 139 139 139 139  69  69  69 110  69 110 110  69
 161 195 139 139 110 161 139 139 179 139 161 139 179 110 139 161 110
 369 300 304 294 314 289 289 264 283 309 289 309 283 294 277 271 283
 230 195 220 179 179 179 179 195 208 195 208 208 195 179 179 139 220
 139 110 195 161 195 139 161 161 161 161 161 161 161 139 139  69 139
 110 110  69  69  69 110   0 139 139 110  69 110 110   0  69  69 110
 256 283 195 240 300 289 283 304 271 179 220 230 240 208 208 208 208
  69   0   0  69   0   0   0   0   0   0   0   0  69   0   0   0   0
 139 110 179 195 179 179 195 161 161 110 161 195 220 195 179 161  69
 220 139 161 179 179 161 179 179 195 195 208 230 230 195 220 161 230
 240 220 248 240 277 248 248 256 256 248 256 271 256 220 208 195 240
 139  69   0  69  69   0   0  69   0   0   0   0   0   0   0   0   0
 318 264 271 294 326 309 322 318 309 248 277 300 294 283 294 264 314
 283 220 208 240 240 240 248 248 256 208 230 248 248 208 248 195 256
 326 309 294 300 322 322 330 333 322 314 318 326 309 314 337 294 353
 300 326 309 314 322 300 330 337 326 330 318 309 309 309 318 271 322
 179 277 256 230 208 256 264 256 264 139 195 195 256 220 230 208 195
 289 371 356 318 314 330 347 340 309 248 271 264 300 283 294 304 264
 300 350 326 277 277 322 330 309 309 333 330 326 304 322 337 337 347
 314 179 195 240 271 248 256 248 256 240 248 271 256 240 240 230 264
 220 139 161 161 179 179 161 161 179 139 139 161 161 139 139 110 139
 179 110 110 139 139 161 139 161 161 139 139 179 161 110 139  69 161
 195 208 248 240 248 208 195 208 179 195 230 240 230 179 179 139 161
 208 195 161 179 208 256 220 256 240 179 195 195 256 220 195 230 230
 397 378 404 406 438 393 432 413 404 414 414 422 411 406 422 404 408
 161  69   0  69 110 110  69  69  69  69   0  69  69   0  69   0  69
 264 256 195 220 220 179 110 161 161 110 110 110 161 110 110 110  69
 230 179 161 208 283 248 208 220 195 161 208 179 208 208 195 161 179
 309 322 289 322 314 300 330 322 322 271 309 314 318 300 337 309 314
 220 240 179 161 161 161 110 161 139  69 110 110 139 139 139 110  69
 220 240 220 220 208 230 230 220 208 139 179 195 220 195 220 230 179
 139  69  69 110 139 139 139 139 139  69 110 110 139 110 110  69 139
   0 110 110 139 110  69  69   0   0   0  69  69  69  69   0   0   0
  69  69 110 179 161 110 110 139 161  69  69 110 110  69 110  69 110
 110  69 139 161 110 110  69 110 139  69  69  69 110  69  69  69  69
 179 110 139 139 139 110  69  69  69  69   0  69  69   0   0   0   0
 294 277 271 289 264 264 304 294 277 248 294 309 289 248 289 240 294
 179 240 240 230 195 240 240 230 230 161 179 195 230 179 230 220 161
 110  69  69  69   0 110  69 110 110  69  69  69 110  69  69 110  69
 389 397 389 389 417 374 408 393 383 403 391 401 383 406 416 425 403
 161 110   0  69 110  69  69 110 110   0 110  69 110   0  69  69  69
 371 381 381 383 399 369 387 395 376 366 381 376 366 364 378 364 378
  69 110   0 110 179 195 208 230 208 139 110 110 161 139 139 139 139
   0   0   0  69  69 139 161 179 139   0  69   0 110   0  69   0  69
  69  69   0  69 139 161 195 195 161   0  69  69 110 139 110  69 110
 195 208 195 195 161 208 179 195 195 110 161 161 208 161 179 179 161
 333 374 387 393 395 393 429 391 378 399 406 393 399 425 448 449 419
 208 208 248 230 230 179 289 195 179 240 248 208 220 240 294 230 322
 361 314 318 333 350 314 350 326 318 256 330 309 322 326 326 294 350
 333 309 256 256 230 208 208 195 208 139 161 195 220 208 220 195 179
 110  69 195 139  69  69  69   0  69 161 208 195 139  69  69   0  69
  69 110 179 110  69  69  69  69  69  69 179 179 161   0  69   0  69
 230 195 110 220 256 277 283 318 326 277 318 340 361 330 350 356 337
   0  69   0  69  69  69  69  69   0   0   0   0  69   0  69   0   0
 139 110 110  69   0   0  69   0   0   0  69  69  69   0  69   0 110
 248 343 347 361 378 361 369 343 318 294 340 337 366 383 401 406 381
 283 340 330 318 309 326 347 326 314 277 314 309 318 318 330 330 294
 208 139 179 179 208 208 230 220 220 139 195 220 208 179 179 161 208
 406 347 343 330 318 300 304 318 314 309 333 353 337 314 314 309 330
 289 230 240 289 330 294 283 289 283 248 271 294 304 289 283 271 289
 208 179 161 195 179 220 248 256 264 220 208 195 208 139 208 195 220
 356 248 179 220 240 220 195 248 271 289 340 326 300 294 294 277 340
 110 110  69 110  69  69  69  69  69   0  69   0   0   0  69   0   0
 195  69   0  69  69   0   0  69  69   0 110 110 139  69  69  69  69
 139   0 110 139  69 110 161 110 161   0 139 161 179 110  69  69 110
 333 240 195 195 220 208 220 230 240 195 230 248 240 208 208 195 230
 110  69   0  69  69   0   0  69  69   0   0   0   0  69   0  69   0
 264 240 179 230 230 230 230 264 271 161 240 240 248 161 220 195 230
 283 358 309 326 326 304 326 322 314 248 294 283 300 309 333 289 271
 248 330 300 294 289 314 314 314 314 230 283 271 300 294 304 277 283
 139 179 161 139  69 161 139 139 139 110 139 139 161 110 139 110 139
 300 322 318 314 277 300 326 294 304 289 294 289 304 277 326 330 277
 195 240 208 179 179 240 220 230 240 195 230 230 230 179 240 220 179
 208 256 248 220 220 248 277 220 230 230 208 208 208 220 264 240 195
 289 289 309 300 340 309 337 326 314 264 294 318 294 300 314 271 322
 110  69 161 161 110  69  69  69  69  69 139 161 161  69  69   0  69
 110  69 161 161 139 110 110 110 110  69 179 179 179  69  69   0 110
 161 179 139 208 248 248 248 277 240 110 161 179 230 179 195 179 179
 318 347 289 256 271 277 283 322 314 256 289 277 271 256 294 283 309
 110  69  69  69   0   0   0   0   0   0   0   0  69   0  69  69   0
 350 333 322 304 343 322 318 333 322 314 300 314 283 277 289 264 309
 240 248 256 256 220 208 230 220 230 283 230 240 230 220 264 195 230
 195 179 139 179 208 248 264 289 289 195 277 294 340 304 309 314 289
 294 361 371 364 395 401 416 395 387 429 403 399 393 422 448 452 452
 304 300 371 353 371 361 389 358 356 389 378 371 364 389 404 406 364
 161 139 139 179 179 161 161 139 179  69 139 161 179 139 139 139 139
 179  69  69 110  69  69 110 110 139   0  69  69 110   0 110  69  69
 294 230 179 195 179 179 220 300 322 264 294 322 330 277 277 230 240
 248 195 110 139 139 110 110 139  69   0  69  69 110  69 110  69 110
 220 248 208 230 230 248 248 230 240 195 208 208 248 195 240 220 220
 240 240 230 220 195 256 264 248 277 271 277 277 300 271 294 300 264
 387 414 451 395 391 399 451 399 397 494 458 428 409 462 495 475 448
 455 422 469 441 488 423 461 453 436 528 490 498 442 494 509 491 518
 208 110 110 161 195 179 179 179 195 161 161 179 179 161 161 110 195
 161 110  69 110 110 139 110 139 139  69 110 110 139  69 110 110 110
 330 330 318 309 264 248 220 248 240 195 220 240 240 248 264 240 271
 240  69  69 110  69 110  69 110  69   0  69  69 110 110 110 110 110
   0  69  69  69  69  69  69  69  69   0   0   0   0   0   0   0   0
 220 110  69 161 161 179 179 161 195 110 161 161 195 139 179 161 179
 139  69  69 139  69  69   0  69  69   0   0  69  69   0  69   0   0
 139 110  69 110 110 139 110 161 139  69 110 110 139  69  69  69 110
 248 256 179 195 248 256 256 277 283 304 300 289 248 271 277 240 318
 417 445 449 443 450 413 462 430 414 483 464 438 423 458 500 480 443
 139 179  69 110 110 179 139 161 139 110 110 110 139 110  69 110 110
 256 314 364 350 337 356 389 340 337 318 343 340 353 343 369 358 318
 294 220 220 256 289 271 277 271 256 208 240 264 248 240 240 230 256
 208 110 139 195 208 230 220 208 220 110 161 161 208 139 179 161 161
 139  69   0  69   0  69   0  69 110   0   0   0 110   0  69  69  69
 330 343 283 277 264 277 326 333 333 300 304 283 294 283 333 322 300
 230 240 161 139 139 179 220 271 271 230 230 195 179 179 230 195 240
 264 309 294 294 264 322 330 322 326 283 289 294 289 283 333 277 300
 195 179 139 179 139 195 139 179 220 161 220 179 248 220 230 230 208
 230 322 340 300 264 283 300 271 248 195 230 230 256 240 220 230 208
  69  69  69 110 161 110 110 110 110  69 139 139 110  69 110   0 110
 309 314 340 326 337 309 304 322 304 326 283 300 283 294 283 271 300
 110 110 110 139  69  69  69 110 110   0  69  69 110  69  69   0  69
 139 195 161 161 139 161 161 179 139  69  69 110 139 110 110  69  69
 110 139 139 139  69 110 110 110 110   0  69  69 110  69  69   0   0
 300 358 358 333 314 318 333 340 330 330 309 304 318 353 347 356 326
 366 395 399 353 343 358 371 343 333 340 337 337 330 340 347 361 337
 139  69  69  69  69  69  69  69 110  69 110 139 139 110 139 110 110
 240 161 161 220 220 220 208 208 220 179 195 195 220 208 195 208 195
 110  69   0  69 110 110 110 110 110  69  69  69 110  69  69  69  69
 139 195 240 230 208 208 161 179 161 161 208 220 230 179 139 139 139
 139 110  69 139 110 139  69 161 161  69  69 110 139 110 110  69 110
 208 277 248 230 208 264 248 248 240 195 179 179 230 220 220 230 208
 161 179 195 208 208 271 264 220 208 161 195 195 208 195 208 208 195
 230 179 195 208 139 179 195 161 195 110 161 195 220 161 161 139 139
 195  69 179 208 195 195 179 161 161 110 195 208 208 195 195 161 161
 179 110 139 161 139 139 110 161 139 110 139 139 161 139 110 110 110
 110 139  69 110  69 110  69 110 110   0  69  69 110  69  69  69  69
 343 340 294 283 248 256 230 283 283 277 277 248 248 271 277 264 277
 110 139 110 161 208 230 195 179 139  69  69 110 139 161 161 139  69
 195 220 220 230 230 271 230 208 195 161 139 161 230 230 220 220 161
 322 406 416 378 343 378 413 374 366 356 350 340 337 369 395 393 340
 350 314 318 318 333 326 340 337 340 326 326 340 314 309 337 304 350
  69   0   0   0   0   0   0  69  69   0   0   0  69   0   0   0   0
 139 110  69 110 110 139 110 161 139  69  69 110 139 110 110  69  69
 403 393 361 358 391 358 369 397 389 389 413 399 361 416 430 401 416
  69 256 179 110   0  69   0  69 110   0  69 110 161 110 161 161 139
  69  69   0  69  69 139 139 110 110  69 110 110 110 110 139 161 139
 208 139 139 179 220 179 195 195 208 161 230 240 230 208 161 179 230
 110 139   0 110 139 139 110 139 139   0  69  69 110  69  69  69  69
 179 110 179 161 161 139 139 139 139 110 139 161 161 139 139  69 110
  69   0   0  69  69   0  69  69  69   0  69  69  69   0   0   0   0
 271 356 369 322 309 337 350 333 322 333 300 283 283 294 322 330 309
 271 271 256 264 271 271 248 277 271 240 264 264 264 248 248 240 264
 220 343 417 383 318 304 271 248 230 330 401 385 347 318 294 248 271
 318 330 289 326 366 353 333 353 337 350 366 356 322 350 343 322 347
 179 208 240 230 179 230 195 195 208 179 208 208 240 195 195 179 179
 277 326 300 283 256 289 304 277 283 240 264 271 283 283 300 304 277
 356 358 420 391 387 364 364 333 343 350 401 393 376 374 378 361 330
 283 240 343 330 304 271 256 256 271 277 318 330 322 271 256 230 248
 179 139 248 248 230 208 161 179 195 179 240 256 230 179 161 139 161
 376 387 378 374 413 376 385 385 369 366 366 376 369 371 374 391 358
 161 139 110 139 139 139 139 161 161  69 110 139 161 110 110 110 139
 248 294 343 314 208 240 208 179 220 248 300 294 300 248 230 220 220
 277  69   0  69  69  69   0   0  69   0  69 110 110   0  69   0  69
 326 208 110 139 161 161 161 179 220 230 240 264 240 195 195 195 220
 294 208 110 161 161 161 161 161 208 179 230 248 248 195 179 195 179
 248 161 161 195 161 195 110 195 220 161 195 220 230 195 161 161 195
 208 195 139 179 139 179 110 179 195 139 208 208 208 179 179 139 179
 139 195 161 161 139 195 179 179 179  69 110 139 179 161 161 161 139
 220 343 340 277 256 304 330 277 271 300 256 248 264 271 289 277 264
 110  69  69 110 110  69 110 110 110  69  69 110 161  69  69  69  69
 220 139 195 220 195 195 161 195 195 179 179 179 208 161 179 161 179
 304 309  69  69  69 139 110 179 179  69  69   0  69   0  69  69  69
 366 387 161 161 179 208 208 248 256 161 195 161 161 139 179 195 179
 195 220 208 179 161 179 139 161 179 139 161 161 161 161 110 179 139
 220 264 220 195 179 230 240 240 240 179 208 208 195 195 208 208 220
 283 195 208 230 240 230 220 230 240 195 230 240 248 208 208 208 220
 300 256 289 309 294 300 289 300 300 318 309 314 294 283 289 248 300
 248 110 110 179 220 230 230 240 230 110 139 161 161 110 161 195 220
 356 395 391 389 376 364 383 374 371 347 369 358 337 371 387 337 356
 337 383 422 404 376 374 411 353 343 366 408 395 383 391 432 403 364
 208 110  69 110 110 110  69 110 110  69 110 139 139  69 110 110 110
 240 195 220 240 283 271 256 264 256 208 240 248 256 220 230 179 240
 240 179 161 220 248 230 161 179 179 139 179 195 220 195 195 179 208
 414 408 441 438 429 401 436 414 404 484 444 439 413 441 472 436 443
 110 161 110 139 110 139 161 161 139   0  69 110 161 110 110  69  69
 230 289 220 256 256 271 271 294 289 161 220 230 256 230 230 220 208
 240 161 161 195 220 208 195 195 208 139 179 208 208 179 195 161 195
 326 271 333 350 369 340 343 340 333 326 333 353 343 322 356 300 366
   0   0   0  69  69  69   0   0  69   0   0   0  69   0   0   0   0
 413 437 445 434 439 401 437 411 404 494 457 441 404 450 477 454 429
 256 294 248 283 256 289 294 277 271 195 256 264 294 277 277 271 264
 161 161 161 161 110 195 161 139 179 161 161 161 179 139 139 139 139
 230 161 161 139 179 179 179 179 195 139 179 179 179 179 161 139 179
 426 404 420 428 449 403 426 417 403 496 453 449 397 454 466 436 454
 413 406 436 425 442 399 422 416 397 461 437 433 397 429 434 428 432
 434 434 448 451 466 422 444 441 420 507 465 458 422 460 470 462 469
 330 330 271 271 248 248 220 271 294 294 300 294 283 309 309 304 300
 371 337 371 353 383 358 374 366 369 353 366 366 347 353 385 356 378
 208 161 240 256 230 220 208 195 195 139 208 230 220 179 179 161 139
  69   0  69 110   0  69   0  69  69   0  69 110 139   0   0   0   0
 208 208 139 179 161 161 139 179 161  69 139 161 139 110 139 139 139
 300 309 277 283 294 283 283 283 289 271 304 309 277 314 300 277 309
 139 230 248 208 139 195 179 161 179 139 179 179 195 139 139 139 139
 240 283 309 277 256 264 240 240 248 230 277 277 264 240 220 248 248
 139 110 179 139 139 110 110  69  69 139 161 161 110  69  69  69 110
 110  69   0   0  69  69   0  69  69   0   0   0   0   0   0   0   0
 361 304 230 264 271 294 256 277 309 314 333 337 318 322 309 304 347
 139  69   0  69 110 139 139 161 161  69 139 139 161 139 139 139 139
 248 240 230 248 220 277 248 248 230 208 230 220 271 283 240 256 208
 110   0   0   0  69  69 110  69 110  69 139 139 139 110  69   0 110
 264 161 139 161 195 208 195 195 208 179 240 264 230 195 179 179 208
 381 343 264 264 283 277 248 277 283 271 300 300 294 256 256 283 300
 195 304 314 230 220 230 179 161 230 248 318 277 248 230 195 195 195
 110 161 161 139 110 139 139 110 110   0 110  69 110 139 139 139  69
 486 463 502 480 515 452 493 465 439 559 518 513 455 517 524 498 514
 436 454 445 445 469 413 439 442 419 505 474 455 413 463 483 456 481
 353 374 361 356 378 358 385 353 347 343 374 353 356 395 389 381 337
 110 110 139 139 139 179 179 161 161 110 110 110 161 139 139 139  69
 179  69  69 139 110 161 161 161 179  69 161 161 161 139 139 139 139
 309 283 304 300 309 294 318 300 304 289 304 309 294 277 304 277 300
 161  69   0  69 110 110  69 110 110   0  69  69 110  69  69  69 110
 220 283 256 256 220 264 248 277 271 220 240 240 256 256 240 230 248
 161 220 179 179 110 179 179 195 195  69 139 110 179 161 139 139 110
 161 220 208 208 139 179 220 179 208   0 139 161 220 220 195 179 139
 289 369 376 347 318 353 361 333 330 304 309 314 330 347 340 350 333
 110 161 161 139  69 161 139 110 139  69 110 139 139 110 110 139 110
 110  69 195 139  69  69  69  69 110 110 161 161 139 110  69  69  69
 366 326 369 387 347 326 340 309 326 318 340 356 340 340 347 289 326
 277 283 326 343 300 289 283 264 283 230 289 304 283 283 289 240 256
 220 230 179 208 271 277 264 283 256 220 230 240 256 264 220 256 240
 220 271 343 300 230 240 220 195 220 283 330 304 283 271 230 208 220
 277 353 356 333 300 353 337 318 326 289 309 322 330 343 333 347 333
 230 309 289 271 248 289 300 264 271 208 240 230 271 264 271 283 248
 248 195 230 195 179 195 208 179 208 139 179 208 208 179 161 110 179
 220  69   0   0  69   0   0   0  69  69 110  69   0   0   0   0  69
 318 271 230 230 208 220 195 208 230 179 230 230 240 240 240 248 240
 161 179 139 179 110 161 139 179 179  69 110 139 139 110 110 110 139
 208 179 161 208 208 264 179 161 314 309 333 294 300 248 220 248 289
 230 208 208 179 195 264 248 195 256 304 271 271 248 248 248 264 309
 436 448 448 432 466 428 448 439 433 465 445 439 419 460 442 453 455
 240 230 179 230 248 230 195 220 179  69 161 161 179 161 161 161 139
 195 208 161 220 195 208 161 161 161  69 110 110 139 110  69  69 110
 256 309 264 277 283 300 294 294 294 220 277 283 277 289 264 240 248
 453 484 498 468 489 460 490 464 448 544 504 480 457 500 518 518 516
 403 438 463 436 433 422 449 417 414 471 449 441 423 471 474 475 455
 248 220 289 283 248 240 195 195 208 195 248 256 240 208 195 161 195
 277 277 264 309 322 337 326 314 318 271 314 330 350 356 364 374 356
 110  69   0  69  69  69   0  69  69   0  69  69  69  69   0   0 110
 289 318 240 248 264 300 283 294 294 256 304 289 283 294 277 283 300
 179 139 110 110  69 139 110 110 139 110 139 139 161 139 139 161 161
 139 139 139 139 110 179 179 161 179 110 161 161 179 195 139 161 161
  69  69  69  69   0  69  69  69  69  69  69  69 110  69  69  69  69
 437 442 464 453 474 423 462 437 426 482 463 461 423 470 480 469 461
 161  69  69  69  69  69   0  69  69  69  69  69  69  69  69  69  69
  69  69 110 139 110 161  69  69 110   0 139 139 161 110  69   0  69
 248 271 208 220 208 256 230 240 240 161 195 208 220 230 230 220 230
   0   0   0   0   0  69  69   0  69   0   0   0  69   0   0   0   0
 294 294 361 326 283 294 322 264 283 277 304 309 309 314 314 318 294
 139 110 139 110 110 110 110 110 110 161 161 161 110 139 110 110 110
 110  69  69  69   0   0   0   0   0   0   0   0   0  69  69   0   0
   0 110 300 220  69 139 139 110  69 220 326 304 248 230 161 110 139
 395 426 432 416 448 414 443 425 416 483 455 443 413 462 474 478 450
 465 481 496 462 491 442 495 456 434 506 508 457 452 515 525 506 507
 220 195 195 230 208 240 230 195 220 161 208 208 230 230 220 240 195
 208 271 248 220 248 283 264 248 240 208 220 240 240 248 240 264 240
 378 393 401 391 411 395 422 381 381 369 401 391 387 419 423 426 389
 139  69  69 110 139 110 139 139 139  69 110 110 110  69  69  69 110
 230 139 139 195 208 208 195 208 208 139 179 208 208 161 179 161 195
 208 139  69 110 110 139 110 161 161 110 139 139 161 139 139 139 139
  69  69  69 139 139 179 139 161 161  69 110 110 179 161 139 139 110
  69 110 110 110  69  69  69  69  69   0   0   0  69   0   0  69   0
 322 330 309 283 271 289 277 289 277 230 277 271 283 294 271 300 283
 277 283 256 240 230 240 220 208 208 139 195 179 208 220 208 240 179
  69   0  69 110  69  69 110  69 110   0  69  69 110   0  69   0  69
 230 139 139 161 161 161 139 139 139 110 139 161 161 139 139 110 139
 179 110 110 110 110 139 110 110 110   0  69  69  69  69  69  69  69
  69   0  69  69   0  69  69  69  69   0  69  69  69   0   0   0  69
 110 139 179 139  69 139 110 110 139   0 110 110 139 110 110 110 139
 248 294 256 248 248 283 271 248 264 230 240 240 248 230 230 256 240
 139  69  69  69  69  69  69  69  69   0   0  69   0   0   0   0  69
 294 220 220 271 318 330 347 350 361 304 322 318 330 322 330 318 333
 516 514 537 515 542 486 518 509 484 569 539 530 492 543 548 548 544
 195 195 271 256 179 220 195 195 220 195 220 220 220 179 179 139 179
  69  69 110  69   0  69  69  69  69   0 110 110 110  69   0   0  69
 283 277 314 340 353 340 330 318 318 289 330 343 340 381 364 358 340
 248 318 304 300 277 304 304 289 277 230 264 271 294 300 264 264 277
 161 110  69  69  69  69   0   0   0   0  69   0   0   0   0   0   0
 248 230 195 208 161 230 230 208 220 220 256 277 309 326 322 340 333
 240 264 248 240 220 271 277 248 256 161 195 208 256 248 240 256 240
 256 179 139 179 179 195 179 179 179 110 139 195 208 195 195 179 179
 460 458 479 464 489 441 466 456 425 512 484 468 428 472 484 477 484
 110  69  69 110  69 110 139 110 139   0  69  69 139 161 161 139 110
 399 369 358 358 361 381 443 428 413 475 455 436 399 437 465 449 477
 337 353 366 371 381 381 383 381 374 393 397 403 385 409 409 399 438
 337 385 333 333 378 366 361 366 350 309 318 330 326 364 343 361 318
 330 358 318 330 358 343 333 350 343 322 330 326 330 353 337 340 304
 195 264 240 248 220 240 161 208 220 110 139 161 195 179 161 139 110
 304 409 449 428 422 399 389 364 337 289 277 283 294 304 304 330 300
 330 353 387 364 330 350 381 337 343 337 333 347 343 350 371 350 366
 256 179 230 330 356 318 304 289 314 277 326 350 337 326 322 318 347
 110  69  69 110  69   0   0   0  69   0   0  69  69   0   0   0   0
 452 443 457 454 463 433 458 449 434 520 488 479 442 491 498 482 494
 406 350 350 356 337 364 337 330 385 422 423 393 387 366 350 391 403
 240 277 256 256 220 283 271 220 271 220 240 256 271 264 256 277 264
 208 161 139 139  69 110 110  69 110  69  69  69 110 110 110 110 110
 277 195 161 240 240 230 208 208 208 195 220 220 230 220 220 230 230
 361 399 389 391 423 403 416 409 389 347 374 383 369 399 401 391 383
 409 426 422 438 443 414 426 422 413 490 456 447 414 461 474 448 468
 240 220 110 161 179 195 179 208 208 110 195 195 220 230 195 195 208
 240 208 161 139 161 195 161 139 139 139 139 139 139 179 161 195 195
 397 366 395 391 403 374 391 381 378 393 401 409 378 395 397 378 409
 264 161 139 179 179 208 179 195 208 179 220 208 230 195 179 195 220
 208 208 161 195 179 195 161 208 208  69 139 161 195 195 161 161 161
 314 330 277 283 240 304 289 283 304 294 314 309 294 326 300 294 330
 264 264 240 248 208 264 256 264 271 208 240 240 264 240 230 256 230
 179 208 195 208 161 230 208 195 179 110 139 139 195 161 179 179 161
 230 318 322 294 294 318 337 294 294 248 264 271 283 309 304 294 304
 256 161 161 179 208 220 195 230 256 195 230 220 208 161 179 208 230
 256 318 289 347 314 330 300 333 322 248 300 304 326 300 300 283 300
 271 333 361 358 300 343 353 314 340 337 322 330 337 337 353 361 330
 179 179 300 264 220 195 161 139 161 208 277 283 240 208 161 110 161
 364 356 340 337 364 340 358 343 340 322 361 374 340 353 343 337 333
 220 195 139 195 179 208 161 195 220 179 195 195 208 179 195 179 179
 110 110   0 110  69 110  69 110 110  69 110  69 110  69 110  69  69
 208 139 139 179 110 195 179 195 220 110 161 179 220 179 161 195 179
 139 179 161 179 139 208 179 179 195 110 161 161 195 179 161 161 179
 110 110 110  69  69 110 110  69 110   0  69  69 110 110  69 110  69
 110 139 179 230 179 195 179 208 208  69 179 179 208 179 139 110 110
   0   0  69 110 110  69 110 110 110   0  69 110  69   0   0   0   0
 179 208 271 289 304 294 208 195 161 139 230 271 277 248 220 179 161
 179 179 110 161 110 179 139 139 161 110 139 161 179 139 179 110 161
 264 271 161 195 220 248 220 248 256 240 271 264 240 256 240 248 264
 179 195 110 161 110 161 110 161 161  69 139 139 139 139 139 139 139
 240 330 314 300 277 333 318 309 314 248 256 271 304 300 283 304 304
 256 300 309 294 248 304 294 264 277 240 264 256 277 289 264 283 277
 220 161 195 161 161 195 179 161 195 161 208 208 208 179 161 179 161
 179 179 139 139 179 161  69 110 110  69  69 139 110 110 110 110 110
 161 139  69 195 195 248 161 195 195  69 110 161 208 195 195 161 161
 139 139 110 139 110 139 139 110 139  69 110 110 139 110 139 139  69
 482 504 506 505 527 474 509 479 457 507 520 504 474 539 538 541 498
 343 406 452 442 438 426 445 395 378 414 428 425 413 453 447 452 423
 304 289 230 271 294 300 264 289 294 264 289 283 283 283 271 283 271
 220 230 179 230 195 230 161 208 208 139 179 179 195 195 195 179 195
 230 289 220 230 256 256 240 264 248 208 248 240 240 256 248 240 240
 161 195 230 240 248 318 326 318 326 271 283 264 294 353 330 356 314
 195 110 161 161 161 179 139 161 208 195 208 208 208 161 161 139 208
   0   0   0   0 110 110 110  69 110   0   0   0  69   0  69   0  69
 230 220 161 240 283 294 271 289 289 179 230 240 271 248 230 256 248
 248 230 195 240 220 230 208 240 248 139 208 195 230 195 208 208 195
 343 350 340 356 358 366 356 371 356 322 343 347 330 364 333 337 369
 552 558 532 545 551 500 511 516 491 561 555 546 496 571 564 562 554
 430 439 408 433 437 409 378 409 393 430 442 426 393 450 453 425 447
 256 330 277 289 289 300 294 289 300 271 283 271 264 294 283 271 271
 337 374 356 356 343 337 350 337 330 337 333 330 322 353 364 376 318
 337 381 395 403 376 393 408 389 393 395 408 397 406 436 436 455 433
 139 220 195 179 139 179 220 139 179 161 179 139 179 179 195 195 161
 294 256 271 289 277 289 289 289 289 248 283 300 277 271 271 240 300
 353 364 350 361 356 353 366 361 361 314 353 353 343 358 356 361 347
 322 326 271 318 309 314 294 318 318 304 326 322 294 304 309 289 337
 248 220 220 220 195 208 139 220 220 179 208 195 208 179 179 179 208
 277 314 289 304 294 326 314 300 314 248 289 283 304 289 289 300 277
 256 161 139 110 110 139 139 110 139  69 139 139 161 139 110 139 139
 289 364 369 353 318 358 369 322 343 309 330 337 347 350 347 358 347
 161 179 161 161 110 161 139  69 110  69  69 110 139 139 110 139 110
 294 240 220 264 256 289 230 256 277 256 271 271 256 248 256 248 289
 195 240 195 195 161 208 161 179 220 161 220 195 179 161 179 139 161
 230 230 179 220 195 240 195 220 240 110 208 195 208 220 208 208 208
 208 230 248 230 161 220 208 195 220 161 195 195 208 179 161 179 179
 277 350 304 289 289 330 326 304 294 208 240 256 271 264 256 271 256
 195 230 195 195 139 208 195 161 195  69 139 161 179 195 179 195 179
 230 230 240 248 256 220 264 256 240 110 208 230 248 195 179 161 161
 318 326 322 337 350 333 326 340 337 322 322 337 309 322 322 304 337
 139 139  69 110  69  69  69 179 230 110 161 139 110  69  69  69 179
  69  69  69  69   0 110  69  69 110   0  69  69 110   0   0   0  69
 294 304 230 271 256 314 300 304 318 277 318 314 294 333 309 318 326
 208 289 248 256 208 264 248 264 256 139 195 220 230 230 230 208 179
 195 195 139 179 139 208 208 195 230 179 195 195 208 208 208 240 208
 179 220 179 161 110 179 195 179 195 110 139 139 179 161 161 195 139
 264 179 139 179 195 220 179 208 230 161 195 208 208 208 208 179 220
 161  69  69  69  69 110  69 110 139   0  69 110 110 110  69  69  69
 277 240 161 161 139 161 139 195 195 139 179 179 179 179 179 195 179
 264 314 248 271 277 277 248 271 271 208 220 230 220 277 271 264 256
 161 230 179 240 208 240 220 240 230 179 208 208 230 248 220 230 220
 437 429 423 420 445 423 449 425 409 413 438 423 409 457 453 457 445
 240 309 309 294 240 300 294 248 277 240 264 264 294 283 271 283 283
 283 294 333 304 318 314 326 304 309 314 314 326 309 326 326 300 333
 139 161 220 256 277 230 195 208 195 161 179 179 179 179 179 139 195
 430 378 309 289 300 309 294 294 300 256 277 289 294 294 300 300 309
 161   0   0  69 110 110  69  69 110   0  69  69  69  69   0   0   0
 179 195 161 179 110 110  69  69 110   0  69  69  69  69  69   0   0
 161 110 110 220 208 256 195 208 220 110 161 208 230 208 208 179 179
 161 161 110 161 110 161 110 110 110  69  69 110 139 110 110 110  69
 110  69  69 110   0 110  69  69  69   0   0   0 110 110   0  69  69
 330 371 420 414 413 387 378 340 340 371 389 403 389 429 420 428 395
 358 358 417 422 423 387 399 371 361 391 420 439 395 437 451 420 417
 195 161 110 195 220 230 179 208 208 110 139 179 208 161 161 161 161
 277 220 179 240 230 248 208 220 248 195 240 220 220 230 230 240 240
 248 195 139 195 208 220 161 195 230 179 220 208 195 179 179 195 208
 208 271 277 277 230 289 271 256 283 220 240 230 256 248 240 248 240
 139 179 179 179 110 195 179 161 195 110 161 161 195 179 161 179 161
 264 277 248 248 208 264 248 220 256 208 230 240 264 264 256 289 256
 220 208 139 195 195 230 179 208 230 110 161 195 208 161 179 195 161
   0  69   0   0   0   0  69   0   0   0   0   0  69   0  69   0   0
 208 179 161 208 161 240 161 195 240 139 179 195 208 161 195 179 208
 240 208 161 179 179 220 161 195 195 139 195 179 161 195 179 179 179
   0   0   0  69  69  69  69  69   0   0   0   0  69   0   0   0   0
 161 195 179 179  69 179 179 139 161   0 110 110 139 110 139 161 110
 220 161 139 179 208 208 161 195 179   0 139 161 195 179 161 179 161
 314 289 248 326 353 326 271 283 277 195 256 289 294 283 289 300 283
 161  69  69 179 139 179 139 139 161  69 139 161 179 139 139 110 139
 179 110  69 179 179 195 139 161 179  69 139 161 195 179 179 161 139
  69  69  69  69  69  69   0  69  69   0   0   0   0   0   0   0   0
 240 271 195 230 230 256 220 256 256 161 220 230 208 220 220 208 240
 343 256  69  69  69 110   0  69 110  69 110 110 110  69 110 139 161
 139  69   0  69  69 139  69 110 139   0  69  69 110  69  69  69  69
 230 264 240 230 220 256 248 240 256 195 240 230 240 248 230 248 240
 240 289 256 248 230 289 271 240 271 230 230 248 264 271 248 277 264
 139 208 248 208 208 230 208 179 179 195 220 220 208 230 195 195 161
 161 110  69 139 110 161 110 139 161  69 139 139 161 139 139 110 161
 208 161  69 110 161 161  69 139 161 110 161 161 161 179 179 161 161
 343 350 264 271 304 318 289 314 309 256 277 277 264 300 277 289 300
 110 110  69 110   0  69   0  69  69   0   0   0   0   0   0  69   0
  69 208 195 179  69   0   0   0   0   0   0   0   0   0   0   0   0
 195 256 230 240 195 248 248 230 248 110 179 195 230 220 208 220 195
 371 409 414 408 401 408 442 376 393 425 401 404 401 450 463 470 420
